
################################################################################
#              V-MEASURE SCORE              #
################################################################################

Number of topics (z): 40
Number of words (w): 100000

Predicted cluster sizes (|C_j|):
Topic 0: 4590 words
Topic 1: 2740 words
Topic 2: 7642 words
Topic 3: 3864 words
Topic 4: 5636 words
Topic 5: 5248 words
Topic 6: 5613 words
Topic 7: 2482 words
Topic 8: 4107 words
Topic 9: 4481 words
Topic 10: 3256 words
Topic 11: 6658 words
Topic 12: 10862 words
Topic 13: 4438 words
Topic 14: 5309 words
Topic 15: 10606 words
Topic 16: 4346 words
Topic 17: 3349 words
Topic 18: 9740 words
Topic 19: 4795 words
Topic 20: 4626 words
Topic 21: 8116 words
Topic 22: 4175 words
Topic 23: 5905 words
Topic 24: 8768 words
Topic 25: 7621 words
Topic 26: 4517 words
Topic 27: 9943 words
Topic 28: 4839 words
Topic 29: 9925 words
Topic 30: 5698 words
Topic 31: 5666 words
Topic 32: 9619 words
Topic 33: 6128 words
Topic 34: 7567 words
Topic 35: 7244 words
Topic 36: 2941 words
Topic 37: 8077 words
Topic 38: 3217 words
Topic 39: 5513 words

True cluster sizes (|T_k|):
Topic 0: 3546 words
Topic 1: 1584 words
Topic 2: 3255 words
Topic 3: 2999 words
Topic 4: 1984 words
Topic 5: 1614 words
Topic 6: 2112 words
Topic 7: 1705 words
Topic 8: 1529 words
Topic 9: 1710 words
Topic 10: 1611 words
Topic 11: 2864 words
Topic 12: 4325 words
Topic 13: 1248 words
Topic 14: 4016 words
Topic 15: 2159 words
Topic 16: 3542 words
Topic 17: 2403 words
Topic 18: 2452 words
Topic 19: 2234 words
Topic 20: 1611 words
Topic 21: 2521 words
Topic 22: 1735 words
Topic 23: 1436 words
Topic 24: 3423 words
Topic 25: 2213 words
Topic 26: 1977 words
Topic 27: 7201 words
Topic 28: 2120 words
Topic 29: 4662 words
Topic 30: 1690 words
Topic 31: 1988 words
Topic 32: 2736 words
Topic 33: 1690 words
Topic 34: 2405 words
Topic 35: 2324 words
Topic 36: 799 words
Topic 37: 4478 words
Topic 38: 2310 words
Topic 39: 1789 words

Total assignments in contingency table: 239867.0

Contingency Table (True vs Predicted):
True \ Pred |         0     1     2     3     4     5     6     7     8     9    10    11    12    13    14    15    16    17    18    19    20    21    22    23    24    25    26    27    28    29    30    31    32    33    34    35    36    37    38    39
 0         |  2193   163   353    50   191   196   316    39    91   166    94   179   444   162   113   515    59   116   455   235   120   236    93   160   436   237   201   353   203   303   128   148   390   182   384   186    67   186   337   167
 1         |   118   680   113    50   116   243   324    54    95   162   107   195   330   219    53   270    36    93   236   111   129   238   162   178   162   178    88   113   190   244   213   122   281   189   195   243   136   216    92   289
 2         |   112    38  2237    36    94    90    70    41    74    70    85    58   128    66    52   411    57    52   325    99    70   122    37    99   406   185   222   109    76   157    74    66   157    90   253    89    43    93    70    84
 3         |    58    33   102  1681    82    46    53    41    91    63    32   389   101    41   390   114   416    51   151    56    54   165   150   122   130    99    47    78    50    83   161    64   187   117    93   195    47   143    19    51
 4         |    27    31   102    51  1060    85    84    60   112    80    63    81   261   109    57   310    40    39   166   100    82   156    61   111   101   222    65   147   124   102   123   216   339   194   136   132    72   153    21   129
 5         |    54    95   101    26   111   675   159    32    55    90    60    61   213   154    26   197    20    46   151   131   124   199    47   120   115   151    89   128   138   221    85   136   105   112   148    70    88    90    86   165
 6         |    59   143    83    29   108   189   945    16   109   129    61    68   281   225    21   246    16    61   119    93   108    93    56    97    90   150    56   104   220   237    96   177   159   125   151   122    93   158    39   269
 7         |    41   116   247    77   321   211   184   721   236   272   237   202   411   227    66   417    78   134   366   198   378   264   143   291   250   431   169   325   200   290   221   360   381   273   369   347   173   270    55   269
 8         |    33    61   117    67   209    97   185    69   685   171    78    98   294   187    52   305    40    41   143   119   218   105   108   153   117   230    73   121   164   162   102   265   183   221   153   159   176   217    26   177
 9         |    37    62    92    31    96   109   191    67   103   785   127    55   137    99    23   204    20    64   110    59   203    68    57    97   103   145    66   122    86   143    52   145    83   112   190    94    87   114    47   165
10         |    41    86   217    37   230   144   199   150   146   244   743    94   223   165    33   307    32   114   211   116   207   135    96   192   275   306   133   274   148   209   122   222   175   192   322   202   124   118    64   213
11         |    26    31    29   213    40    33    28    14    23    20    11  1864    80    24   222    42   160    46   104    29    16   202   225    91    59    46    15    31    23    41   221    15   219    95    25   219    25    99     6    36
12         |    39    72    69    21   122   138   186    32    92    47    25   112  2938   209    44   182    20    27   142    88   111   169    58    94    79   153    33   100   122   188   180   144   412   138    98   140    81   199    18   200
13         |    10    31    54     6    61    90   111    23    53    48    36    34   178   475     7    99     8    28    48    66    75    54    29    49    50   106    28    48    71    94    52   135    92    66    69    59    58    54    19   129
14         |    38    13    89   258    45    41    30    16    30    24    10   280    67    17  2488    97   665    22   118    61    18   142    58    53   103    49    30    61    25    61   105    20   112    52    59    72    18   102    11    24
15         |    55    25   257    21   154   101    74    45    82    61    49    46   138    66    24  1561    24    30   216    94    58    98    32    75   226   170   128   111    83   117    60   113   122   104   243    99    42    89    39    69
16         |    54    22   146   301    63    52    38    44    64    42    42   277    85    38   698   100  1855    35   153    73    60   143    82    81   142    95    54    82    39    94    93    47   121    83    86    92    37   114    22    45
17         |   180    66   122    54   146   216   174   151   182   110   182   141   223    96    31   240    36  1142   224    79    89   202   153   185   181   212    69   156   140   191   135   199   214   151   176   333    65   273    60    96
18         |    36    18   148    23    57    59    26    11    23    20    13    53    77    19    36   159    32    30  1678    33    20   200    53    89   159    82    72    59    36    54    85    29   159    80   134    80    18    86    31    30
19         |    46    44   141    31   116   297   136    55   112    90    52    90   284   142    56   243    44    34   157  1166   121   240    72   152   193   255    96   158   132   374   123   198   187   152   140   111    87   139    55   160
20         |    21    41    87    27   134   139   122    86   124   241    90    67   237   113    20   172    19    40   158    95   774   101    69   169    78   162    76   155    74   190   107   150   151   137   170   104   131   127    31   184
21         |    31    16    62    45    71   115    23    28    34    23    17   182   132    42    67   121    41    49   308    67    18  1524   116   181   114   131    43    67    57   102   195    38   303   108    56   184    23   114    11    48
22         |    20    44    52    81    32    19    37    22    39    41    22   297    60    21    42    45    46    57   148    23    26   188   802   222    82    55    21    27    14    60   235    16   294   133    29   315    46   126     8    35
23         |    15    16    31    36    30    58    35    15    28    32    22    97    60    27    29    68    19    55   122    29    44   198   109   734    82    76    25    32    16    63   137    23   188   106    62   177    25    81    10    35
24         |   105    42   398    50    79   128    78    29    55    67    60    97   169    52    60   473    56    80   345   119    48   186    90   160  2171   186   171   168    64   152   133    61   229   161   233   155    53   132    85    76
25         |    11     7    75     9    95    73    43    25    41    45    36    28   135    48    17   164    14    19    97    67    45    98    20    62    82  1047    35    85    34   101    43   106   132    85   105    67    21    68     8    43
26         |   121    54   267    27   115   115    83    55    67    89    97    61   163    81    40   365    39    59   294    95    91   125    44   102   267   159  1405   121    86   119    74   100   145   103   243    95    63   116    97   110
27         |    97    41   492    61   132   141   121    66    89   119    88   139   337    79   102   576    91    80   421   269   153   379    58   103   817   470   150  5198    98   973   104   166   238   162   316   137    46   134    46   109
28         |    57    82   111    42   182   168   235    56   108   103    88    99   263   155    28   287    28    84   155   121   108   133    54    88   106   173    71   140  1016   245   106   224   184   137   148   172    71   164    52   182
29         |    70    44   101    12    68   144   129    33    56    79    52    48   204   101    26   165    13    49   143   130    85   152    40    99   149   155    51   268   115  3380    67   112   126    99   110    94    54   105    24   105
30         |    24    45    50    37    60    74    52    21    26    15    15   189   173    43    54    72    28    40   175    28    24   255   141   133    99    78    24    36    34    53   909    30   273   132    37   176    38    99     8    52
31         |    44    38   107    21   217   130   209    57   183   203   126    44   284   242    13   286    12    37   100   117   213    79    27    65    72   229    92   167   228   215    55   896    97   113   229    98    82   123    47   236
32         |    18    25    44    35   116    48    32    13    29    20     5   151   217    41    42    91    26    22   163    42    29   238   111   144    64    93    19    38    37    37   193    41  1479   128    40   197    36   152     2    65
33         |    20    38    82    31    97    62    65     8    63    44    25    86   131    42    23   141    20    50   196    45    39   129    92   137    85   121    46    54    51    78   102    57   191   716    53   177    48   135     9    53
34         |    73    39   196    15   102   136    96    54    65   114   104    51   170    84    43   312    41    67   274    85    98   108    33    90   253   203   145   139    74   155    65   100    98    91  1457    94    33    95    90   105
35         |    24    40    62    44    69    37    54    28    52    36    36   181   102    32    26   118    29    80   205    35    37   241   181   233   124   105    18    48    66    61   176    61   324   206    51  1085    40   182     7    48
36         |    18    57    70    35    90    66    80    38   108    89    62    70   110    70    19   119    20    37    83    68   115    75    84    85    67    96    51    65    66    94    84    80   118   110    69    89   275    96    16    96
37         |    86   117   191   159   336   206   279   107   346   210    77   285   637   193   115   506   100   148   622   171   230   509   227   446   314   356   135   213   235   212   352   314   720   496   246   635   174  2860    50   294
38         |   454    83   291    25   116   181   196    30    67   125    79    71   235   104    41   404    37    73   385   119   100   113    62   109   306   145   172   173   127   162    86   116   154   110   412    97    76   156  1456   145
39         |    24    41    54     9    73    96   131    30    69    92    48    38   150   128    10   102     9    18    73    64    88    54    43    54    59    79    33    69    77   108    44   154    97    67    77    52    69    99    43   725

H(T): 5.1852
H(C): 5.2173
H(T|C): 4.5405
H(C|T): 3.1954

Homogeneity: 0.1243
Completeness: 0.3875
V-Measure: 0.1883
