
################################################################################
#              V-MEASURE SCORE              #
################################################################################

Number of topics (z): 30
Number of words (w): 100000

Predicted cluster sizes (|C_j|):
Topic 0: 9896 words
Topic 1: 9910 words
Topic 2: 3266 words
Topic 3: 4774 words
Topic 4: 7613 words
Topic 5: 4793 words
Topic 6: 6439 words
Topic 7: 3985 words
Topic 8: 4326 words
Topic 9: 5356 words
Topic 10: 4342 words
Topic 11: 4724 words
Topic 12: 4818 words
Topic 13: 5115 words
Topic 14: 9224 words
Topic 15: 3437 words
Topic 16: 4654 words
Topic 17: 2756 words
Topic 18: 5001 words
Topic 19: 3739 words
Topic 20: 8886 words
Topic 21: 5965 words
Topic 22: 7624 words
Topic 23: 6019 words
Topic 24: 4558 words
Topic 25: 7954 words
Topic 26: 6001 words
Topic 27: 4284 words
Topic 28: 8778 words
Topic 29: 7394 words

True cluster sizes (|T_k|):
Topic 0: 5650 words
Topic 1: 4382 words
Topic 2: 2123 words
Topic 3: 4682 words
Topic 4: 3813 words
Topic 5: 2316 words
Topic 6: 2966 words
Topic 7: 2677 words
Topic 8: 2091 words
Topic 9: 2551 words
Topic 10: 3366 words
Topic 11: 4751 words
Topic 12: 2634 words
Topic 13: 3625 words
Topic 14: 4488 words
Topic 15: 1838 words
Topic 16: 4415 words
Topic 17: 1282 words
Topic 18: 2727 words
Topic 19: 1571 words
Topic 20: 4230 words
Topic 21: 3137 words
Topic 22: 3992 words
Topic 23: 2749 words
Topic 24: 2844 words
Topic 25: 3723 words
Topic 26: 3626 words
Topic 27: 1747 words
Topic 28: 5337 words
Topic 29: 4667 words

Total assignments in contingency table: 175631.0

Contingency Table (True vs Predicted):
True \ Pred |         0     1     2     3     4     5     6     7     8     9    10    11    12    13    14    15    16    17    18    19    20    21    22    23    24    25    26    27    28    29
 0         |  3121   247    80    29   270   245   102   151   123   170    69    20   232   207   171   125    49    98    71   144   218   209   147   131   146   247    67    92   350   105
 1         |   150  2353    80    62    88    64   170    47    85    79    74    66    54    97   325    57    52    27   135    46   304    96   202   125   107   249   131   128   210   184
 2         |   182   212   695    38   117    79    91   126   135    91    89    37   177    83   134    66   110    79    94    59   173   156   142   146    99   186    98    70   116    77
 3         |   110   176    41  2212   101    66   110    52    46    43    55   524    45   100   147    60    72    36   165    73   155    58   156   121    62    94   231    71   148   344
 4         |   180   207    61    28  2001   140   116   118   113   170    57    26   106    85   134   183    26   176    95   152   165   112   106   133    78   173    54   125   289   132
 5         |   378   137    73    22   273   869   137   142    83   268    69    21   155   131   134    86    49   111    59   161   133   191   140    72   129   205    57    96   299    95
 6         |   122   226    28    29    80    75  1287    48    91   110    28    29    76   138   307    49    28    31   168    77   129    97    75   239    59    93   172   136   126   174
 7         |   466   224   192    72   413   309   197  1234   123   266   207    37   208   252   207   186   190   225   216   180   422   225   297   269   150   334   143   209   440   351
 8         |   307   301   205    42   247   150   252   119   849   298   136    46   260   112   304   158    79   111   219   122   238   314   149   161   256   194   183   149   187   141
 9         |   177    65    24     9   169   158   121    49   108   943    49     8   111    62   136    78    17    93    64    97    72   187    66    54   109    80    39    42   101    42
10         |   232   376   242    49   199   131   138   106   171   169  1830    49   141   127   182    92   339    90   112    95   319   200   292   142   143   360   102    99   224   109
11         |   100   247    24   891    64    39    94    26    44    42    35  2767    34    63   193    36    54    19   154    38   141    43   129    63    81    93   221    72   119   231
12         |   476   228   153    35   177   122   216   129   312   257    88    33  1116   190   309   106    99   109   166   147   150   466   106   261   228   192   176    70   129    56
13         |   565   427   143   116   320   385   365   195   202   286   126   106   325  1538   475   186    90   120   210   298   337   374   204   375   262   360   236   229   413   271
14         |   130   321    24    65    88    87   337    23   160   133    30    76    92   138  2364    60    21     7   203    77   144   137    77   262   101   107   263   190   193   257
15         |   389   385    98    79   508   284   339   206   180   285   115    55   191   229   333   851    39   232   169   338   213   284   224   315   133   274   150   207   427   224
16         |   238   488   310    80   259   132   298   113   170   151   457   110   194   149   375    75  2535    78   123    78   604   188   518   125   215   452   210   120   248   131
17         |   158   103   102    27   273   120    90   150    80   156    56    24   127    64    87   111    48   456    68   115   106   127    81   121    78   130    56    70   151    82
18         |    87   165    56    70    78    41   171    30    77    70    38    56    58    80   228    43    32    25   985    56   123    63    61   118    67    64   152   108    90   195
19         |   263   179    34    48   243   203   164    90    72   198    61    33   176   177   158   153    32   130   120   578   134   177   104   196   118   166    87   111   229   106
20         |   192   313    90    69   136    78   112   114   110    97   117    57    59    84   172    58   115    35   143    62  2294    97   448   136    98   433    67   143   238   170
21         |   297   170    76    20   177   154   161    81   204   293    90    18   260   145   230   105    55   107   113   136   153  1318   106   152   145   150    90    81   155    61
22         |   173   336    76    64   161    99    96   130    85   101    98    53    72    97   163    90   136    52   102    79   493   105  2439    89    93   351    62    96   264   100
23         |    93   278    39    59    74    31   254    65    53    47    21    33    72   112   362    47    30    35   160    76   157    64    56  1076    30    69   240   183    82   299
24         |   363   254    69    45   216   237   165    68   266   234   124    50   182   128   209    73    71    63   154   113   234   240   180   102  1192   266    73   140   197   119
25         |   269   359    95    55   156   148   112   125    99   132   125    50    95   118   147   101   144    64    84    83   417   152   436    98   128  2151    46   116   255    95
26         |    63   144    29   189    32    40   204    29    67    33    13   132    65    85   306    21    24    11   158    38    79    63    45   195    25    41  1921   113    63   389
27         |   115   263    49    57   104    59   191    76    83    82    24    44    48    66   210    49    43    46   170    64   144    70   104   301    63   103   171   695   131   215
28         |   388   405    44    60   462   194   125   100    74   106    37    54    52   173   243    78    38    55    93    97   458    99   427    68   103   256    77   102  2771   170
29         |   112   321    34   153   127    54   224    43    61    46    24   110    35    85   479    54    37    35   228    60   177    53   107   373    60    81   426   221   133  2469

H(T): 4.8197
H(C): 4.8242
H(T|C): 4.1585
H(C|T): 3.2419

Homogeneity: 0.1372
Completeness: 0.3280
V-Measure: 0.1935
