
################################################################################
#              V-MEASURE SCORE              #
################################################################################

Number of topics (z): 30
Number of words (w): 100000

Predicted cluster sizes (|C_j|):
Topic 0: 11302 words
Topic 1: 10680 words
Topic 2: 4185 words
Topic 3: 5060 words
Topic 4: 7713 words
Topic 5: 4950 words
Topic 6: 7941 words
Topic 7: 3690 words
Topic 8: 5896 words
Topic 9: 5752 words
Topic 10: 3566 words
Topic 11: 4976 words
Topic 12: 5531 words
Topic 13: 6101 words
Topic 14: 9649 words
Topic 15: 4876 words
Topic 16: 4378 words
Topic 17: 3422 words
Topic 18: 5480 words
Topic 19: 4438 words
Topic 20: 9353 words
Topic 21: 5745 words
Topic 22: 7105 words
Topic 23: 6630 words
Topic 24: 6859 words
Topic 25: 9139 words
Topic 26: 6632 words
Topic 27: 5558 words
Topic 28: 11315 words
Topic 29: 8372 words

True cluster sizes (|T_k|):
Topic 0: 6438 words
Topic 1: 3652 words
Topic 2: 2282 words
Topic 3: 4755 words
Topic 4: 3529 words
Topic 5: 1926 words
Topic 6: 3249 words
Topic 7: 2320 words
Topic 8: 2658 words
Topic 9: 2370 words
Topic 10: 2885 words
Topic 11: 4639 words
Topic 12: 2753 words
Topic 13: 3938 words
Topic 14: 3666 words
Topic 15: 2575 words
Topic 16: 4343 words
Topic 17: 1514 words
Topic 18: 2745 words
Topic 19: 1681 words
Topic 20: 3761 words
Topic 21: 2540 words
Topic 22: 3241 words
Topic 23: 2589 words
Topic 24: 3128 words
Topic 25: 3439 words
Topic 26: 3608 words
Topic 27: 1707 words
Topic 28: 7059 words
Topic 29: 5010 words

Total assignments in contingency table: 196294.0

Contingency Table (True vs Predicted):
True \ Pred |         0     1     2     3     4     5     6     7     8     9    10    11    12    13    14    15    16    17    18    19    20    21    22    23    24    25    26    27    28    29
 0         |  4005   245   109    32   231   215   130    98   175   160    32    27   222   195   168   145    55    85    54   122   215   162   117   108   243   241    65    98   400   121
 1         |   129  2160    86    58    68    51   165    35   105    62    45    54    57    98   305    60    34    22   141    43   261    71   139   136   130   239   125   133   220   192
 2         |   218   229   867    37   136   109   109   115   169   123    94    41   186   118   145    83   103   101   104    64   196   155   147   153   137   242    98   120   164    94
 3         |   123   209    58  2306    96    70   133    56    72    56    28   733    55   101   166    88    76    56   173    89   178    58   152   144    84   123   361   100   196   321
 4         |   230   180    77    26  1880   141   145   101   164   197    31    24   101    91   149   242    28   212    95   150   152   140    83   113   141   173    64   147   285   181
 5         |   307   132    87    21   235   707   146   130   104   228    40    22   139   187   141   133    41   127    58   173   116   160   121    74   190   201    56    96   227   109
 6         |   127   270    33    33    76    80  1620    31   133   122     9    24   113   157   370    74    22    28   176    87   159   102    66   275    94   103   182   166   184   176
 7         |   459   298   260    90   453   366   253  1098   241   271   182    48   240   295   264   288   177   348   252   318   448   279   311   362   309   404   170   261   478   384
 8         |   366   364   218    44   265   183   298   137  1180   348   123    49   331   185   352   183    69   138   256   148   251   328   160   211   338   267   213   215   227   184
 9         |   174    66    38    10   156   150   141    37   125   909    22     9   123    65   149    78    16    79    76   118    67   190    60    53   142    86    53    60    91    49
10         |   281   463   301    59   185   140   159   117   224   173  1706    51   209   130   173   111   476   121   109    92   372   189   328   139   264   504    83   133   267   105
11         |   101   255    33   946    60    35   103    23    67    50    21  2727    39    74   205    56    51    19   162    44   159    40   106    85   111   115   289    73   164   217
12         |   470   251   194    41   189   146   288    87   343   318    78    39  1140   278   322   113    69   121   200   174   166   435   116   303   295   233   180   142   151    57
13         |   565   505   224   132   355   455   494   196   330   376    78   111   440  1788   561   331    93   174   240   377   411   400   244   426   416   473   277   321   534   345
14         |    95   287    24    46    61    65   297    18   160   107     3    53    75   129  1786    82    23    14   208    66   139    91    53   226   115    83   223   184   193   263
15         |   528   535   140    90   724   406   496   283   284   403    73    67   253   345   479  1266    47   348   182   464   317   383   300   382   326   455   213   337   510   348
16         |   337   568   351    98   271   162   357   103   231   188   407   128   337   224   418   106  2321   118   159   109   543   194   422   192   336   529   213   175   371   177
17         |   175   123   131    37   302   138   125   122   113   177    56    30   170    89   105   163    32   524    83   158   119   169   103   148   135   159    71   110   136   114
18         |    68   200    48    74    53    34   172    28   113    58    18    56    59    62   284    36    22    29  1109    61   124    49    68   169    62    53   203   139   105   262
19         |   233   203    70    57   263   211   243    85   130   234    22    39   192   234   199   246    31   162   127   654   182   205   122   224   198   177   109   156   239   149
20         |   201   361   118    71   120    69   150   107   156    87    95    61    89    94   241    76    98    41   128    76  2218    89   390   168   179   475    92   166   278   174
21         |   264   157    96    15   181   151   192    78   201   268    54    12   241   158   200   132    37   140   113   148   137  1053    87   138   188   146    81   106   130    76
22         |   210   415   120    73   153   116   132   142   124   115    93    55   100   113   197   139   135    66    98   107   528   115  2216   120   162   476    84   128   279   147
23         |    77   285    50    47    65    31   306    43    72    46    16    31    92   106   351    57    32    47   158    73   184    73    52   999    47    84   203   214   107   242
24         |   414   235   116    39   197   225   179    56   312   255    73    40   205   179   232   117    50    76   120   136   210   231   157    96  1514   293    70   174   227   139
25         |   259   380   125    56   150   153   139   141   150   135    95    51   111   145   179   148   109    75    70    96   422   126   384   119   221  2111    66   136   325   126
26         |    76   197    35   252    40    43   261    21    94    48    10   185    75    92   365    34    26    15   233    50   106    62    40   243    36    56  2082   152    90   459
27         |   112   222    56    38    97    53   155    51    92    69    16    35    49    65   217    69    25    39   138    56   139    51    59   235   101   100   137   798   126   218
28         |   571   475    69    66   500   177   197    85   112    98    32    66    47   181   298   128    41    49   111    99   596    84   388    90   234   397    94   125  4367   216
29         |   127   410    51   166   151    68   356    66   120    71    14   108    41   123   628    92    39    48   347    86   238    61   114   499   111   141   475   393   244  2727

H(T): 4.8086
H(C): 4.8257
H(T|C): 4.1760
H(C|T): 3.1141

Homogeneity: 0.1315
Completeness: 0.3547
V-Measure: 0.1919
