
################################################################################
#              V-MEASURE SCORE              #
################################################################################

Number of topics (z): 20
Number of words (w): 100000

Predicted cluster sizes (|C_j|):
Topic 0: 10798 words
Topic 1: 24886 words
Topic 2: 16110 words
Topic 3: 17547 words
Topic 4: 17439 words
Topic 5: 21785 words
Topic 6: 17588 words
Topic 7: 24332 words
Topic 8: 18356 words
Topic 9: 15527 words
Topic 10: 13122 words
Topic 11: 21205 words
Topic 12: 17377 words
Topic 13: 21104 words
Topic 14: 22636 words
Topic 15: 21828 words
Topic 16: 19754 words
Topic 17: 21264 words
Topic 18: 26673 words
Topic 19: 20036 words

True cluster sizes (|T_k|):
Topic 0: 7770 words
Topic 1: 5156 words
Topic 2: 5241 words
Topic 3: 3513 words
Topic 4: 3657 words
Topic 5: 4205 words
Topic 6: 5629 words
Topic 7: 5830 words
Topic 8: 4371 words
Topic 9: 3980 words
Topic 10: 4138 words
Topic 11: 5405 words
Topic 12: 5928 words
Topic 13: 4697 words
Topic 14: 5358 words
Topic 15: 5326 words
Topic 16: 5581 words
Topic 17: 4030 words
Topic 18: 6212 words
Topic 19: 3973 words

Total assignments in contingency table: 389367.0

Contingency Table (True vs Predicted):
True \ Pred |         0     1     2     3     4     5     6     7     8     9    10    11    12    13    14    15    16    17    18    19
 0         |  7195   428  1301   197   208   239   283   278   196   136   163   480   493   256   442   543   248   279   625   190
 1         |   147  5145   216   584   598   761  1086   833   564   397   361   506  1323   834   516   504   569   524  1831   540
 2         |   905   273  5172   278   213   201   246   340   189   164   191  1017   231   241  1028  1436   150   394   595   228
 3         |    74   734   417  3385   716   820   569   871   703   926   478   652   324   824   730   891   749   911   711   868
 4         |   100   846   373   777  3580  1096   573   907   898   819   581   680   569  1074   620   720   917  1078   780   893
 5         |    91  1000   305   821   982  4146   693  1220  1063   852   662   923   555  1154   616   559   997   991   839  1263
 6         |   144  1791   428   849   796  1073  5547  1149   723  1004   635   593   937   791   744   785   749   885  1679   899
 7         |   105  1453   427  1070   842  1459   817  5738  1447  1031   703   841   533  1543  1283  1055   911  1505  1146  1286
 8         |   165  1281   565  1170  1258  1635   567  1778  4296   900   830   889   605  1659  1109   931  1324  1486   981  1341
 9         |   123  1221   669  1468  1427  1588  1369  1649  1089  3873   766   877   503  1267  1113  1270   935  1594   967  1730
10         |   131  1031   498   770   929  1282   751  1415  1118   859  3905   719   547  1285   884   876  1047  1108   900  1105
11         |   229   672   999   554   485   865   420   669   430   296   298  5325   352   676  1754  1392   543   704  1352   638
12         |   242  2344   423   498   541   810   844   763   463   328   373   686  5869   851   817   451  1302   519  2242   694
13         |   139  1445   446  1179  1344  1587   789  1640  1586  1034   838   883   742  4592   797  1095  1409  1217  1097  1147
14         |   263   603  1085   613   397   509   348  1021   634   369   311  1678   375   535  5320  1474   341   955  1128   606
15         |   256   610  1229   703   453   379   413   730   399   410   316  1484   426   651  1818  5265   389   930  1348   360
16         |   120  1102   421   933   934  1227   543  1038  1030   713   678   943  1116  1184   678   710  5538  1001  1213  1060
17         |    79   507   449   599   744   685   371   894   674   576   405   635   223   583   914   791   499  3995   529   744
18         |   242  1912   466   525   443   694   935   751   357   363   274   977  1310   625  1036   764   602   515  6185   517
19         |    48   488   221   574   549   729   424   648   497   477   354   417   344   479   417   316   535   673   525  3927

H(T): 4.2927
H(C): 4.2928
H(T|C): 3.8562
H(C|T): 1.8381

Homogeneity: 0.1017
Completeness: 0.5718
V-Measure: 0.1727
