
################################################################################
#              V-MEASURE SCORE              #
################################################################################

Number of topics (z): 20
Number of words (w): 100000

Predicted cluster sizes (|C_j|):
Topic 0: 6664 words
Topic 1: 7099 words
Topic 2: 2458 words
Topic 3: 5576 words
Topic 4: 7414 words
Topic 5: 6495 words
Topic 6: 6711 words
Topic 7: 7730 words
Topic 8: 5339 words
Topic 9: 5248 words
Topic 10: 3315 words
Topic 11: 4313 words
Topic 12: 8761 words
Topic 13: 7225 words
Topic 14: 8951 words
Topic 15: 6861 words
Topic 16: 8294 words
Topic 17: 6023 words
Topic 18: 8913 words
Topic 19: 4981 words

True cluster sizes (|T_k|):
Topic 0: 9846 words
Topic 1: 5062 words
Topic 2: 1794 words
Topic 3: 4294 words
Topic 4: 5613 words
Topic 5: 4057 words
Topic 6: 6022 words
Topic 7: 5425 words
Topic 8: 3323 words
Topic 9: 3365 words
Topic 10: 1685 words
Topic 11: 2489 words
Topic 12: 7482 words
Topic 13: 5718 words
Topic 14: 6510 words
Topic 15: 6402 words
Topic 16: 6858 words
Topic 17: 4396 words
Topic 18: 5918 words
Topic 19: 3741 words

Total assignments in contingency table: 128371.0

Contingency Table (True vs Predicted):
True \ Pred |         0     1     2     3     4     5     6     7     8     9    10    11    12    13    14    15    16    17    18    19
 0         |  4412   245   154    43   213    73   110   106    69    45    62    33   209    88   215   275   130    72   177   106
 1         |   138  2290   107   142   424   195   253   379   127   121    83   207   392   308   292   146   221   178   302   124
 2         |   201   175   498   182    97    91    73   231   109   100    78   110    94   119   261   175   146   192   189   187
 3         |    73   228   174  1753   236   411   364   604   421   396   172   227   152   219   410   302   241   540   404   493
 4         |   168   505    58   154  2565   274   388   173    96   172   114   219   613   292   517   100   237   136   493    85
 5         |    25   184    29   167   241  1412   255   207   339   426   150   165   239   415   134    73   312   185   146   131
 6         |   155   394    58   274   467   408  2974   314   318   279   174   164   567   242   590   164   284   203   429   197
 7         |    98   466   216   457   330   296   244  2404   353   226   202   293   254   533   452   370   361   496   513   357
 8         |    40   127    44   233   121   361   164   228  1101   333   124   125   103   277    79    90   226   260   130   195
 9         |    28   130    57   244   171   564   246   202   419  1163   204   166   183   308   102    75   293   304   131   241
10         |    49   114    58   110   106   132   122   145   127   138   492   102   113   198    93   134   186   164   135   119
11         |    28   162    70   144   135   188    86   185   139   153   109   729   134   222   163   174   199   154   258   111
12         |   137   279    50    73   613   229   235   147    87    99   131   135  3816   233   490    98   470    93   458    88
13         |   185   420   131   243   413   720   337   562   518   479   375   353   375  2453   189   328   740   429   328   346
14         |   187   302   133   241   338   160   199   288    89   134    66   223   326   111  3025   406   173   141   575   162
15         |   350   175   103   133    76    22    65   360    28    23    47   108   106    50   828  2821    59   105   866   207
16         |   127   294   206   319   335   502   216   371   451   467   340   429   579   571   278   299  3346   498   495   263
17         |    77   207   145   303   163   203   109   391   263   254   188   208   132   287   178   223   320  1551   267   306
18         |   125   276    82   172   286   125   169   252   137   104   100   220   285   141   504   418   225   142  2444   140
19         |    61   126    85   189    84   129   102   181   148   136   104    97    89   158   151   190   125   180   173  1123

H(T): 4.2073
H(C): 4.2637
H(T|C): 3.5701
H(C|T): 3.1903

Homogeneity: 0.1515
Completeness: 0.2518
V-Measure: 0.1891
