
################################################################################
#              V-MEASURE SCORE              #
################################################################################

Number of topics (z): 20
Number of words (w): 100000

Predicted cluster sizes (|C_j|):
Topic 0: 6540 words
Topic 1: 10673 words
Topic 2: 5855 words
Topic 3: 4853 words
Topic 4: 8268 words
Topic 5: 7029 words
Topic 6: 6357 words
Topic 7: 11658 words
Topic 8: 5039 words
Topic 9: 5770 words
Topic 10: 2332 words
Topic 11: 4605 words
Topic 12: 9885 words
Topic 13: 5040 words
Topic 14: 9895 words
Topic 15: 6379 words
Topic 16: 8164 words
Topic 17: 4903 words
Topic 18: 7574 words
Topic 19: 7890 words

True cluster sizes (|T_k|):
Topic 0: 9457 words
Topic 1: 4038 words
Topic 2: 5279 words
Topic 3: 3824 words
Topic 4: 5127 words
Topic 5: 3549 words
Topic 6: 6761 words
Topic 7: 8701 words
Topic 8: 2728 words
Topic 9: 3394 words
Topic 10: 2122 words
Topic 11: 4060 words
Topic 12: 6726 words
Topic 13: 3778 words
Topic 14: 6057 words
Topic 15: 5440 words
Topic 16: 5055 words
Topic 17: 3426 words
Topic 18: 3753 words
Topic 19: 6725 words

Total assignments in contingency table: 138709.0

Contingency Table (True vs Predicted):
True \ Pred |         0     1     2     3     4     5     6     7     8     9    10    11    12    13    14    15    16    17    18    19
 0         |  4350   211   151    68   187   140   121   255    74    85    46    97   292    78   327   389   153   146   227   160
 1         |    59  2252   157    90   452   278   168   382   148   166    48   148   468   186   230    85   207   162   207   145
 2         |   192   483  2073   220   279   331    58   638   233   344    72   154   307   219   642   306   270   321   444   319
 3         |    75   461   260  1476   284   334   194   580   445   422   162   223   207   180   439   350   332   224   328   473
 4         |   126   605   130   123  2365   210   287   238    81   140    56   165   574   106   324   109   179   105   267   148
 5         |    52   377   125   136   195  1305   132   274   263   307    69   128   245   190   274   102   288   147   250   236
 6         |   163   931   258   340   893   440  3933   458   243   231   150   183   780   168   532   178   325   135   321   283
 7         |   174   801   458   402   439   479   146  4475   410   404   130   220   346   429   938   453   454   492   724   405
 8         |    30   272    97   146    96   307    59   250   784   306    81   102   131   239    98    78   274   220   109   164
 9         |    23   181   155   142   111   241    80   200   223  1057    50    90   131   139   156    92   223   171   120   162
10         |    53   338   138   193   247   278   134   295   249   227   668   148   257   238   205   176   264   145   180   211
11         |   123   628   330   263   487   498   152   532   322   424   132  1557   551   468   361   312   695   293   503   315
12         |   146   713   149    94   668   228   186   296    92   113    50   192  3871   106   474    90   437   113   230   372
13         |   146   588   192   227   300   554   210   517   415   343   179   334   288  1459   150   243   616   240   225   238
14         |   164   259   196    97   258   203    84   451    63   141    66   100   242    55  2700   575   100   108   524   212
15         |   244    70    97    61    73    38    32   210    26    40    49    46    83    24   562  1865    51    65   466    68
16         |    66   383   174   192   251   337    97   307   285   326    84   273   282   259   282   166  2296   374   341   205
17         |   131   516   354   237   255   306    60   528   366   355   105   190   242   299   275   297   532  1211   401   225
18         |    93   199   137    76   165   141    77   289    62    93    40   129   166    49   426   355   150    93  1429   109
19         |   130   405   224   270   263   381   147   483   255   246    95   126   422   149   500   158   318   138   278  3440

H(T): 4.2238
H(C): 4.2425
H(T|C): 3.6117
H(C|T): 3.0805

Homogeneity: 0.1449
Completeness: 0.2739
V-Measure: 0.1896
